2668346 1817
4459784 2253
9210796 2782
8090100 630
256178 3174
6060446 1666
2711160 1354
136104 2944
704686 2267
1938289 811
3471893 3075
979950 1224
54113 849
2655678 2465
1911624 778
2336320 2691
1041535 2887
10186800 60
166992 542
6400899 2561
943796 1689
3787 458
17997 1352
2794176 1145
462399 2997
1520256 2232
1797312 2981
7112112 1368
623472 949
2279368 2332
1918887 1383
130152 321
1153621 1787
643680 1183
361494 1962
3047980 1945
31200 1239
6776216 1701
4010832 2716
342630 3072
1823115 2152
5615588 2894
977508 2111
3813885 2180
2080806 181
244417 1400
285603 2638
2422920 2737
166352 3231
5532590 3121
2309959 2962
87653 1099
354114 1240
2147418 213
2053416 2752
1507265 2557
1906251 2063
2959590 109
3122497 3224
3261752 2661
837590 2011
7401975 1608
10441470 1726
1821344 381
265950 2959
318169 1914
2929500 3309
3713985 2150
844944 2707
3248133 2358
841464 2556
3592711 720
1626438 1886
2374746 1169
821440 2506
1798377 717
3572652 635
1309441 1144
583902 1327
814260 1984
3631470 2860
126360 3187
7376256 2521
1441792 335
4974756 1230
1029292 631
595992 101
439922 494
2764728 1658
452832 88
6920760 3098
1402026 517
5469765 218
301276 1666
2716533 69
146640 164
2078454 1158
1072768 830
1760913 3201
3970266 2098
5639179 3182
3887388 2445
2201364 895
2294600 919
991800 3087
711784 2707
1598652 732
5251560 1727
1021482 2808
735110 2730
2352650 2376
7190735 95
3045261 2555
830502 1581
10331288 1401
4142320 1044
6541914 429
435540 2770
1862976 2065
6606650 1914
3147550 1645
2156076 2213
8917008 1946
3527196 1785
3704112 2264
1738318 580
91274 1391
7098560 1132
1368684 465
3083871 1217
2242968 2551
5431899 2300
9013653 2050
2079040 1744
2957198 1046
4276130 1694
2397409 529
1990214 2801
2748264 1839
2905018 2130
1259608 1246
552840 226
2895828 2927
3279456 391
948934 169
8216277 305
1199318 878
8073096 271
5031585 1466
4696898 3008
3164406 1856
7186845 2863
2889664 92
333350 450
524655 2002
4338012 325
6804072 2925
663780 1309
8730372 1734
1909576 2059
503082 403
1788106 433
149838 33
247338 992
965157 3076
1564992 362
327770 1528
3240405 1288
2238966 1878
6796065 1576
710598 1521
815238 2962
4501140 332
2870 2870
1892400 1528
790809 1836
6321861 90
225057 2014
5659276 3305
478792 2745
2699697 3207
2917610 1406
2854800 1847
761760 2748
2876016 3089
6072670 574
3336165 507
1113948 2062
1566480 1850
3618203 2909
1591695 433
1355648 745
534936 2296
8130 1472
691288 2185
3093195 554
5564471 1712
767808 2138
5957758 2177
2705562 2414
