0 1326 617 1617 315 2337
0 2666 197 296 1056 947
0 2194 385 1497 2622 1766
0 2387 237 2078 2181 2593
0 879 153 352 1471 287
0 1776 1712 286 2045 1507
0 985 371 2257 2753 2546
0 1738 242 2316 2938 538
0 507 914 2583 1108 3235
0 2569 2387 253 602 1207
0 2363 2398 1624 1785 2941
0 203 905 190 2374 1361
0 2280 545 1186 2824 1736
0 1716 590 2214 3008 424
0 482 2338 1263 553 411
0 2294 2793 740 1805 2783
0 422 2382 2339 2503 1670
0 2616 769 1525 204 1699
0 399 2243 2916 2831 1296
0 257 2311 244 1540 2303
0 2535 843 2033 1919 3151
0 2786 2177 1751 3008 2564
0 3183 1286 1907 2112 925
0 2398 1856 1481 1380 87
0 1227 1017 3253 502 1952
0 736 2863 3194 395 1077
0 999 335 2352 3275 2052
0 1229 2151 2027 316 2142
0 1406 2987 1838 1991 821
0 1179 2494 299 1189 1169
0 483 2096 1712 173 793
0 675 3101 1401 831 519
0 622 2002 1727 2574 1999
0 160 2737 317 2249 1400
0 3131 2285 2347 3007 3255
0 3232 1285 1393 2235 900
0 2847 1434 2434 1082 1283
0 2034 2375 3264 793 3275
0 1868 281 383 2963 773
0 1105 1941 2855 3204 2335
0 2720 266 248 2108 3
0 2994 2873 1268 703 1956
0 2650 2367 2790 1844 127
0 1825 1165 2935 2217 1433
0 1580 2738 1421 677 2483
0 92 1891 1455 1743 1770
0 688 2502 479 706 670
0 2022 241 893 850 3194
0 3146 1177 529 3256 3036
0 3024 1014 1629 317 2402
0 1601 2033 330 33 3169
0 681 1839 1645 3104 1587
0 2250 1138 560 362 809
0 1763 2253 1140 195 2
0 2893 1701 1469 1583 874
0 2796 1558 945 359 1904
0 618 339 721 2020 2545
0 619 950 2697 2768 1799
0 955 49 1986 1728 182
0 2413 746 1076 2820 2006
0 1154 16 596 703 1605
0 1716 2189 1512 2458 974
0 2497 2319 1305 2731 2263
0 514 2828 2111 1525 2832
0 2529 2682 2769 1988 3070
0 3030 221 1870 175 2556
0 3194 2787 3268 2966 93
0 2290 1607 1630 1777 2803
0 1634 1614 424 196 3072
0 1972 2598 1640 1572 2372
0 254 780 275 1698 2139
0 855 1804 664 271 1439
0 450 1392 2460 2558 1671
0 215 419 0 215 215
0 2321 619 2197 703 610
0 415 1489 2513 476 354
0 104 288 851 2175 1362
0 2515 1541 608 665 1036
0 2598 1033 1422 106 1761
0 2466 1491 1942 1758 3174
0 503 472 1999 1924 2411
0 1908 1967 1981 276 211
0 1277 351 590 1969 585
0 418 3070 1403 3231 934
0 3032 1084 1960 441 2294
0 2834 661 2114 2008 331
0 94 840 2163 2709 808
0 1481 600 2826 2620 342
0 2224 110 3105 887 232
0 2163 1220 2633 1938 2388
0 372 2851 1069 2056 2017
0 2123 1502 684 830 87
0 1456 3161 912 1374 1538
0 2181 2218 3191 2365 1997
0 2059 1350 2606 1406 2712
0 913 2511 3323 2492 2663
0 3229 3106 799 1489 1640
0 3301 980 1641 245 3028
0 3030 3290 928 128 2603
0 818 2120 2018 1213 423
1 1456 2994 118 1121 1611
1 114 3236 1144 21 449
1 1934 1061 793 2995 3186
1 2836 2478 1410 1985 2101
1 1831 3311 2961 1813 2013
1 1431 1493 329 2924 2905
1 903 418 929 1321 1150
1 1925 805 1383 2730 975
1 837 1976 2556 2813 1591
1 2499 7 1963 2506 1495
1 2674 1409 3275 754 1599
1 2634 347 2705 2981 1053
1 491 1591 3204 2082 1011
1 2914 3072 816 2657 903
1 1958 731 1777 2689 3213
1 3232 2604 1361 2507 2484
1 355 3280 2956 306 2442
1 1621 1897 1644 189 2329
1 3044 347 2968 62 1780
1 650 696 520 1346 2712
1 112 619 2419 731 1968
1 1906 3303 2686 1880 2770
1 598 2505 2440 3103 862
1 1942 2692 1435 1305 2346
1 638 2247 2245 2885 3089
1 536 87 58 623 2739
1 3274 2975 2661 2920 8
1 420 2156 3069 2576 1945
1 570 1776 797 2346 899
1 864 114 1031 978 922
1 871 1199 2052 2070 2731
1 985 3128 2402 784 2477
1 1335 1062 2229 2397 2639
1 1716 536 249 2252 868
1 3030 1449 1876 1150 3146
1 2713 2389 2116 1773 3139
1 1722 2054 535 447 2146
1 2178 621 2144 2799 2550
1 2091 76 1802 2167 2420
1 3180 750 2492 601 109
1 16 3178 3273 3194 635
1 613 705 579 1318 3325
1 1939 2535 2970 1145 908
1 492 2279 252 2771 2420
1 1335 2794 2123 800 1842
1 2173 2275 1976 1119 1517
1 3212 3180 434 3063 572
1 2294 232 1017 2526 3113
1 783 1134 172 1917 2879
1 3163 400 2079 234 1752
1 1852 2300 114 823 2192
1 3112 259 1815 42 1600
1 1333 2508 2070 512 1249
1 2482 2097 816 1250 1234
1 2837 1135 1852 643 2870
1 2081 2184 3306 936 2369
1 1958 2079 1014 708 479
1 2863 2143 1063 1677 3019
1 2291 829 1833 3120 1
1 561 1706 498 2267 2378
1 1607 1810 1294 88 309
1 297 2749 985 3046 1634
1 1754 299 871 2053 2285
1 2742 1240 3211 653 2530
1 501 3182 632 354 69
1 2933 2635 2704 2239 174
1 1499 585 1036 2084 1468
1 562 1915 899 2477 2067
1 3058 385 1631 114 2002
1 1995 666 2735 2661 2876
1 916 661 2893 1577 2006
1 1767 2111 1654 549 283
1 1389 1725 801 3114 513
1 1460 1304 377 2764 2219
1 2957 1498 79 1126 2075
1 1384 2269 1878 324 2470
1 1804 2880 74 1355 272
1 1574 1357 2119 2931 421
1 2555 1210 2098 436 2147
1 263 462 3229 725 3255
1 936 429 344 1365 1300
1 1087 1113 162 2200 2446
1 3190 743 1107 604 2352
1 3095 530 1729 296 657
1 2768 1059 1662 498 721
1 611 2197 2108 2808 2357
1 2337 2025 2868 1033 2644
1 1339 366 1143 1705 253
1 235 3275 2818 181 2126
1 750 1742 296 2492 2649
1 1101 68 2598 1169 560
1 362 3283 1067 316 2566
1 343 2491 910 2834 2772
1 272 1083 498 1355 2260
1 1858 47 1389 1905 2084
1 2265 1711 1097 647 1860
1 2546 529 176 3075 2118
1 2158 2906 976 1735 2332
1 448 661 1072 1109 1365
1 206 741 826 947 847
