1978
3053
818
1098
1840
3003
1337
671
2821
831
3311
205
624
2358
348
2432
636
2304
3068
2646
1865
3154
2605
83
2885
462
2790
1796
1582
739
3325
1821
2000
2804
2488
1519
2432
2652
755
396
1779
1157
2330
2971
1535
1259
223
2979
1175
2668
735
2084
2066
3202
922
713
2245
662
1978
762
910
3307
2581
2131
406
2007
1768
1048
1843
2714
3247
3099
2013
327
1576
2437
2641
2927
633
525
690
2669
813
2716
554
2985
2144
2199
3131
2593
2746
487
1731
763
1511
2038
1951
1847
581
2309
961
2744
522
2172
926
42
2902
2498
1277
843
1802
1795
1151
2392
1942
1263
1172
252
1862
548
1827
2574
2753
1242
2924
673
963
1775
