2619
456
102
3037
1126
1003
914
571
3016
419
2771
3033
2233
356
2418
1728
130
122
383
895
952
2069
2465
108
2298
814
2932
2661
2872
2232
1718
902
1839
2413
1139
3315
26
3108
3300
653
2859
1731
1393
1138
636
881
3127
1378
418
379
1556
396
1470
1408
2472
1083
3305
177
2988
1881
2196
511
1550
322
2261
1200
2574
2533
1481
2364
787
2885
284
187
2708
933
3166
1185
326
953
413
1556
1138
1857
2603
1494
666
1516
1455
858
2745
1093
2874
2799
2654
292
2495
2600
700
2187
2986
1002
669
1893
1554
1105
2621
2818
2281
899
2804
1328
3147
3178
229
938
131
3297
1292
1643
1096
271
864
2323
2940
1288
870
2684
