0 0 0
1 0 0
0 1 2
1 1 2
0 2 4
1 2 4
0 3 6
1 3 6
0 4 8
1 4 8
0 5 10
1 5 10
0 6 12
1 6 12
0 7 14
1 7 14
0 8 16
1 8 16
0 9 18
1 9 18
0 10 20
1 10 20
0 11 22
1 11 22
0 12 24
1 12 24
0 13 26
1 13 26
0 14 28
1 14 28
0 15 30
1 15 30
0 16 32
1 16 32
0 17 34
1 17 34
0 18 36
1 18 36
0 19 38
1 19 38
0 20 40
1 20 40
0 21 42
1 21 42
0 22 44
1 22 44
0 23 46
1 23 46
0 24 48
1 24 48
0 25 50
1 25 50
0 26 52
1 26 52
0 27 54
1 27 54
0 28 56
1 28 56
0 29 58
1 29 58
0 30 60
1 30 60
0 31 62
1 31 62
0 32 64
1 32 64
0 33 66
1 33 66
0 34 68
1 34 68
0 35 70
1 35 70
0 36 72
1 36 72
0 37 74
1 37 74
0 38 76
1 38 76
0 39 78
1 39 78
0 40 80
1 40 80
0 41 82
1 41 82
0 42 84
1 42 84
0 43 86
1 43 86
0 44 88
1 44 88
0 45 90
1 45 90
0 46 92
1 46 92
0 47 94
1 47 94
0 48 96
1 48 96
0 49 98
1 49 98
0 50 100
1 50 100
0 51 102
1 51 102
0 52 104
1 52 104
0 53 106
1 53 106
0 54 108
1 54 108
0 55 110
1 55 110
0 56 112
1 56 112
0 57 114
1 57 114
0 58 116
1 58 116
0 59 118
1 59 118
0 60 120
1 60 120
0 61 122
1 61 122
0 62 124
1 62 124
0 63 126
1 63 126
0 64 1
1 64 1
0 65 3
1 65 3
0 66 5
1 66 5
0 67 7
1 67 7
0 68 9
1 68 9
0 69 11
1 69 11
0 70 13
1 70 13
0 71 15
1 71 15
0 72 17
1 72 17
0 73 19
1 73 19
0 74 21
1 74 21
0 75 23
1 75 23
0 76 25
1 76 25
0 77 27
1 77 27
0 78 29
1 78 29
0 79 31
1 79 31
0 80 33
1 80 33
0 81 35
1 81 35
0 82 37
1 82 37
0 83 39
1 83 39
0 84 41
1 84 41
0 85 43
1 85 43
0 86 45
1 86 45
0 87 47
1 87 47
0 88 49
1 88 49
0 89 51
1 89 51
0 90 53
1 90 53
0 91 55
1 91 55
0 92 57
1 92 57
0 93 59
1 93 59
0 94 61
1 94 61
0 95 63
1 95 63
0 96 65
1 96 65
0 97 67
1 97 67
0 98 69
1 98 69
0 99 71
1 99 71
0 100 73
1 100 73
0 101 75
1 101 75
0 102 77
1 102 77
0 103 79
1 103 79
0 104 81
1 104 81
0 105 83
1 105 83
0 106 85
1 106 85
0 107 87
1 107 87
0 108 89
1 108 89
0 109 91
1 109 91
0 110 93
1 110 93
0 111 95
1 111 95
0 112 97
1 112 97
0 113 99
1 113 99
0 114 101
1 114 101
0 115 103
1 115 103
0 116 105
1 116 105
0 117 107
1 117 107
0 118 109
1 118 109
0 119 111
1 119 111
0 120 113
1 120 113
0 121 115
1 121 115
0 122 117
1 122 117
0 123 119
1 123 119
0 124 121
1 124 121
0 125 123
1 125 123
0 126 125
1 126 125
0 127 127
1 127 127
