0 0 0
0 1 0
0 2 0
0 3 0
0 4 0
0 5 0
0 6 0
0 7 0
0 8 0
0 9 0
0 10 0
0 11 0
0 12 0
0 13 0
0 14 0
0 15 0
0 16 0
0 17 0
0 18 0
0 19 0
0 20 0
0 21 0
0 22 0
0 23 0
0 24 0
0 25 0
0 26 0
0 27 0
0 28 0
0 29 0
0 30 0
0 31 0
0 32 0
0 33 0
0 34 0
0 35 0
0 36 0
0 37 0
0 38 0
0 39 0
0 40 0
0 41 0
0 42 0
0 43 0
0 44 0
0 45 0
0 46 0
0 47 0
0 48 0
0 49 0
0 50 0
0 51 0
0 52 0
0 53 0
0 54 0
0 55 0
0 56 0
0 57 0
0 58 0
0 59 0
0 60 0
0 61 0
0 62 0
0 63 0
1 0 0
1 1 32
1 2 0
1 3 32
1 4 0
1 5 32
1 6 0
1 7 32
1 8 0
1 9 32
1 10 0
1 11 32
1 12 0
1 13 32
1 14 0
1 15 32
1 16 0
1 17 32
1 18 0
1 19 32
1 20 0
1 21 32
1 22 0
1 23 32
1 24 0
1 25 32
1 26 0
1 27 32
1 28 0
1 29 32
1 30 0
1 31 32
1 32 0
1 33 32
1 34 0
1 35 32
1 36 0
1 37 32
1 38 0
1 39 32
1 40 0
1 41 32
1 42 0
1 43 32
1 44 0
1 45 32
1 46 0
1 47 32
1 48 0
1 49 32
1 50 0
1 51 32
1 52 0
1 53 32
1 54 0
1 55 32
1 56 0
1 57 32
1 58 0
1 59 32
1 60 0
1 61 32
1 62 0
1 63 32
2 0 0
2 1 32
2 2 16
2 3 48
2 4 0
2 5 32
2 6 16
2 7 48
2 8 0
2 9 32
2 10 16
2 11 48
2 12 0
2 13 32
2 14 16
2 15 48
2 16 0
2 17 32
2 18 16
2 19 48
2 20 0
2 21 32
2 22 16
2 23 48
2 24 0
2 25 32
2 26 16
2 27 48
2 28 0
2 29 32
2 30 16
2 31 48
2 32 0
2 33 32
2 34 16
2 35 48
2 36 0
2 37 32
2 38 16
2 39 48
2 40 0
2 41 32
2 42 16
2 43 48
2 44 0
2 45 32
2 46 16
2 47 48
2 48 0
2 49 32
2 50 16
2 51 48
2 52 0
2 53 32
2 54 16
2 55 48
2 56 0
2 57 32
2 58 16
2 59 48
2 60 0
2 61 32
2 62 16
2 63 48
3 0 0
3 1 32
3 2 16
3 3 48
3 4 8
3 5 40
3 6 24
3 7 56
3 8 0
3 9 32
3 10 16
3 11 48
3 12 8
3 13 40
3 14 24
3 15 56
3 16 0
3 17 32
3 18 16
3 19 48
3 20 8
3 21 40
3 22 24
3 23 56
3 24 0
3 25 32
3 26 16
3 27 48
3 28 8
3 29 40
3 30 24
3 31 56
3 32 0
3 33 32
3 34 16
3 35 48
3 36 8
3 37 40
3 38 24
3 39 56
3 40 0
3 41 32
3 42 16
3 43 48
3 44 8
3 45 40
3 46 24
3 47 56
3 48 0
3 49 32
3 50 16
3 51 48
3 52 8
3 53 40
3 54 24
3 55 56
3 56 0
3 57 32
3 58 16
3 59 48
3 60 8
3 61 40
3 62 24
3 63 56
4 0 0
4 1 32
4 2 16
4 3 48
4 4 8
4 5 40
4 6 24
4 7 56
4 8 4
4 9 36
4 10 20
4 11 52
4 12 12
4 13 44
4 14 28
4 15 60
4 16 0
4 17 32
4 18 16
4 19 48
4 20 8
4 21 40
4 22 24
4 23 56
4 24 4
4 25 36
4 26 20
4 27 52
4 28 12
4 29 44
4 30 28
4 31 60
4 32 0
4 33 32
4 34 16
4 35 48
4 36 8
4 37 40
4 38 24
4 39 56
4 40 4
4 41 36
4 42 20
4 43 52
4 44 12
4 45 44
4 46 28
4 47 60
4 48 0
4 49 32
4 50 16
4 51 48
4 52 8
4 53 40
4 54 24
4 55 56
4 56 4
4 57 36
4 58 20
4 59 52
4 60 12
4 61 44
4 62 28
4 63 60
5 0 0
5 1 32
5 2 16
5 3 48
5 4 8
5 5 40
5 6 24
5 7 56
5 8 4
5 9 36
5 10 20
5 11 52
5 12 12
5 13 44
5 14 28
5 15 60
5 16 2
5 17 34
5 18 18
5 19 50
5 20 10
5 21 42
5 22 26
5 23 58
5 24 6
5 25 38
5 26 22
5 27 54
5 28 14
5 29 46
5 30 30
5 31 62
5 32 0
5 33 32
5 34 16
5 35 48
5 36 8
5 37 40
5 38 24
5 39 56
5 40 4
5 41 36
5 42 20
5 43 52
5 44 12
5 45 44
5 46 28
5 47 60
5 48 2
5 49 34
5 50 18
5 51 50
5 52 10
5 53 42
5 54 26
5 55 58
5 56 6
5 57 38
5 58 22
5 59 54
5 60 14
5 61 46
5 62 30
5 63 62
6 0 0
6 1 32
6 2 16
6 3 48
6 4 8
6 5 40
6 6 24
6 7 56
6 8 4
6 9 36
6 10 20
6 11 52
6 12 12
6 13 44
6 14 28
6 15 60
6 16 2
6 17 34
6 18 18
6 19 50
6 20 10
6 21 42
6 22 26
6 23 58
6 24 6
6 25 38
6 26 22
6 27 54
6 28 14
6 29 46
6 30 30
6 31 62
6 32 1
6 33 33
6 34 17
6 35 49
6 36 9
6 37 41
6 38 25
6 39 57
6 40 5
6 41 37
6 42 21
6 43 53
6 44 13
6 45 45
6 46 29
6 47 61
6 48 3
6 49 35
6 50 19
6 51 51
6 52 11
6 53 43
6 54 27
6 55 59
6 56 7
6 57 39
6 58 23
6 59 55
6 60 15
6 61 47
6 62 31
6 63 63
